Dummy header for data file

0.000000000000000000e+00 0.000000000000000000e+00
1.000000000000000000e+01 3.162277660168379523e+00
2.000000000000000000e+01 4.472135954999579610e+00
3.000000000000000000e+01 5.477225575051661188e+00
4.000000000000000000e+01 6.324555320336759046e+00
5.000000000000000000e+01 7.071067811865475505e+00
6.000000000000000000e+01 7.745966692414834043e+00
7.000000000000000000e+01 8.366600265340755627e+00
8.000000000000000000e+01 8.944271909999159220e+00
9.000000000000000000e+01 9.486832980505138124e+00
1.000000000000000000e+02 1.000000000000000000e+01
